142.875071 295.712404 155.856119 298.138249 5.454785 0.125000 1.888073 
386.930138 309.029632 369.343097 310.101569 3.438866 0.125000 5.401785 
409.392140 99.193450 121.741767 72.036206 4.769190 0.125000 509.074512 
48.139121 64.227682 0.477940 59.659222 4.464571 0.125000 73.934911 
116.885382 296.943763 76.868181 297.258810 5.304907 0.125000 45.503632 
171.913771 295.037940 148.102520 293.465383 5.730496 0.125000 12.180201 
511.038654 56.609451 408.911519 99.521966 5.334627 0.125000 213.908168 
418.006707 259.262740 407.058585 270.799222 2.858831 0.125000 1.132310 
396.160982 337.782839 384.966641 320.247308 4.012262 0.125000 10.827945 
156.805410 298.475836 180.798665 296.618902 4.695730 0.125000 17.768029 
409.115895 320.468561 398.367254 338.271264 3.836192 0.125000 10.046600 
75.677896 297.531039 48.062949 295.071763 4.315003 0.125000 30.169889 
405.344101 267.824673 415.854177 257.099583 3.535353 0.125000 8.545130 
396.935281 176.474570 380.677377 174.027076 2.844305 0.125000 6.836970 
87.168706 144.695831 65.733208 148.703729 4.685091 0.125000 28.155458 
370.610587 170.801071 398.130825 173.053836 4.451373 0.125000 26.156470 
366.883851 299.503021 365.696188 287.988724 5.230118 0.125000 5.958437 
404.138433 299.136992 409.064206 320.110858 4.074795 0.125000 8.834129 
51.878628 293.888471 134.382705 293.496389 2.838568 0.125000 71.375274 
20.749977 280.730554 12.177472 290.880465 4.774846 0.125000 4.876068 
364.273788 272.767066 356.811032 300.939178 4.161085 0.125000 39.197903 
151.940894 454.210666 128.068000 453.098429 4.994582 0.125000 36.611022 
118.265293 275.745311 116.793537 246.879153 4.611619 0.125000 29.964974 
64.472703 149.401968 58.348054 171.591548 5.566751 0.125000 21.127682 
12.753162 291.813943 13.364617 300.608340 4.814557 0.125000 4.269316 
70.603053 255.621249 67.139924 275.883918 3.844221 0.125000 14.190986 
68.103740 225.549067 69.887914 254.420550 3.112034 0.125000 28.161501 
389.627948 324.587650 404.459211 306.945795 3.217500 0.125000 10.960778 
109.396200 253.340469 78.108108 252.699289 3.062908 0.125000 47.316848 
128.122133 279.878309 56.867325 279.472411 3.999154 0.125000 55.574099 
135.562819 293.995557 118.121513 296.853720 3.498495 0.125000 2.105001 
395.541109 253.835525 382.766869 255.821981 4.556475 0.125000 3.589462 
163.021945 280.869686 178.119570 279.322031 2.869375 0.125000 5.123469 
117.669275 245.698137 119.402283 226.877512 2.947930 0.125000 10.276934 
367.711409 434.341420 368.517101 454.409443 3.997705 0.125000 13.380318 
380.356944 273.607371 365.711725 265.468938 5.950060 0.125000 10.471059 
76.619060 251.763790 73.841324 226.934705 3.040404 0.125000 18.776943 
257.821099 363.932516 245.827485 372.169820 4.183800 0.125000 8.166012 
450.696103 247.499472 395.697491 253.761665 3.978014 0.125000 55.057542 
55.597792 279.361642 50.427811 289.891893 3.386456 0.125000 5.168013 
376.710092 254.017482 366.175452 237.316254 4.619355 0.125000 8.685376 
403.684922 312.365341 391.444529 326.342687 2.826638 0.125000 10.281684 
113.866042 228.055098 110.740461 250.812537 3.204877 0.125000 18.776943 
389.336211 304.295413 388.327030 320.637476 2.572292 0.125000 0.518687 
68.122750 277.456456 118.126838 277.649921 2.669248 0.125000 57.188399 
120.005809 152.086090 102.924812 144.847378 4.740548 0.125000 6.480606 
48.079617 82.412327 0.601579 78.402304 3.088640 0.125000 57.937332 
66.366935 27.771661 55.391355 36.853311 3.221553 0.125000 4.318782 
153.145423 311.087046 105.644934 309.855905 3.845903 0.125000 54.680337 
216.232856 329.729491 233.440711 341.409887 5.616212 0.125000 4.743204 
488.285813 482.621609 474.373533 485.618191 3.139521 0.125000 5.979396 
365.645490 237.902698 351.897079 236.635462 3.734171 0.125000 3.134541 
99.711359 149.797153 87.439894 144.811181 4.922278 0.125000 8.977736 
93.148395 456.488887 66.843489 454.895072 5.293243 0.125000 30.546286 
189.375325 501.481761 156.874856 501.494087 3.754740 0.125000 41.854991 
88.062897 80.586005 82.354972 89.676378 3.323558 0.125000 0.873471 
199.179169 195.010208 208.207614 192.134357 2.189343 0.062500 0.428085 
398.811514 332.830707 406.573989 317.967791 3.041413 0.125000 9.528712 
65.603636 218.475729 98.135212 220.457356 4.230734 0.125000 16.043827 
99.410357 229.686081 88.129283 229.261270 4.808307 0.125000 0.482778 
235.373424 189.336202 246.915629 187.083138 3.201569 0.125000 0.873471 
385.398077 253.736432 375.385464 250.020417 3.648576 0.125000 4.299481 
37.668177 296.672377 40.972085 309.605657 2.666267 0.125000 0.978319 
385.854958 319.474797 386.453636 310.596586 2.914832 0.031250 2.751823 
120.251334 85.841509 126.160086 96.039235 4.326247 0.125000 1.253147 
127.833375 454.325178 116.869750 455.579098 5.101557 0.125000 1.527403 
398.202520 434.400646 368.085821 432.493796 4.058450 0.125000 19.330595 
264.464292 320.133756 208.257197 326.748340 4.527448 0.125000 80.392069 
14.446000 299.893810 20.584189 313.842906 4.850902 0.125000 3.339236 
143.100625 352.382744 113.091938 353.368216 4.158253 0.125000 40.015058 
255.648261 160.275442 128.130664 151.789881 3.907718 0.125000 171.201542 
56.594815 229.162003 64.761683 218.418957 3.305150 0.125000 2.128537 
428.011426 304.800500 405.139088 298.695451 4.349609 0.125000 23.335368 
123.306800 78.146100 122.431313 85.689565 4.013209 0.125000 2.689316 
297.219459 350.685028 278.013768 374.060627 3.727443 0.125000 40.413615 
369.374580 360.661584 443.114860 361.508206 3.893258 0.125000 90.017909 
364.037177 323.124605 364.012310 344.376038 2.519012 0.125000 7.033952 
299.411397 105.181361 259.373229 101.896581 2.817570 0.125000 43.603685 
257.214676 213.125543 257.184123 161.874816 2.529807 0.125000 56.520231 
45.713201 296.881296 46.429722 286.843216 5.254307 0.125000 2.561934 
313.676031 322.935092 301.238332 329.400158 4.480366 0.125000 1.241002 
184.614034 186.904445 186.945269 167.979676 6.185092 0.125000 16.584059 
151.865184 363.124499 154.420081 313.063506 5.184636 0.125000 65.672354 
194.668978 173.081552 197.641824 193.196410 2.838649 0.125000 15.671615 
45.510041 286.995361 38.436911 280.239692 3.691826 0.125000 1.718964 
192.987264 198.527547 216.780347 200.510640 3.529394 0.125000 18.039423 
373.168293 365.641889 369.122069 376.013964 5.112393 0.125000 1.056409 
150.459453 243.349875 132.806900 224.675698 5.201814 0.125000 14.676052 
285.688382 325.328461 265.284649 320.967359 4.105736 0.125000 25.654270 
70.696614 457.163836 58.088386 456.755489 5.199695 0.125000 3.339236 
228.236959 173.730767 219.321748 172.181420 2.891133 0.125000 2.150308 
358.286245 303.207380 347.089438 325.123183 5.118331 0.125000 30.443995 
278.528857 378.549076 300.783395 355.749741 7.070551 0.125000 59.237950 
88.019536 228.834790 77.872103 227.327040 3.659709 0.125000 0.978319 
116.595479 460.029164 96.488694 463.074004 5.243756 0.125000 22.807867 
276.792405 349.264087 258.144382 363.151027 3.263617 0.125000 17.124244 
66.430296 239.406457 65.098143 220.573847 3.199371 0.125000 10.353044 
190.909440 160.639129 191.330048 189.382974 3.950780 0.125000 9.060473 
368.308684 455.162288 396.864297 458.224799 3.285514 0.125000 17.778047 
0.575018 74.947165 49.497661 79.220840 3.795881 0.125000 51.195825 
245.756710 370.911923 232.007611 383.272508 5.756006 0.125000 24.288510 
20.984208 262.809678 18.148411 282.062563 7.966394 0.125000 27.334170 
440.310450 154.343428 436.906802 188.253657 4.350812 0.125000 57.465208 
141.100832 210.560455 144.331965 234.380838 3.317405 0.125000 7.987129 
91.822458 352.024481 60.583984 353.515898 4.461063 0.125000 50.510573 
88.124335 180.597622 65.624342 180.585390 3.754756 0.125000 22.171351 
79.369118 242.487921 108.128465 242.763914 1.525833 0.125000 17.502838 
180.022628 175.309500 182.145849 188.079969 3.494210 0.125000 2.128537 
371.092622 288.824215 380.567683 299.426225 7.258096 0.125000 4.931701 
89.456593 22.464441 68.096782 25.421148 4.228768 0.125000 13.417485 
108.082260 147.349866 98.113081 147.560261 5.104386 0.125000 14.793568 
340.495528 336.346841 333.695167 358.679252 5.457522 0.125000 6.770522 
124.380948 86.808118 413.071078 112.481346 3.547831 0.125000 300.585551 
247.847709 366.507190 279.986393 342.277926 4.269281 0.125000 63.106356 
193.145314 165.607350 205.411205 179.724690 3.078267 0.125000 3.065627 
109.528663 228.127384 100.455148 229.240669 4.331002 0.125000 5.123469 
121.083852 105.410391 126.522949 117.039657 4.985554 0.125000 6.754402 
153.831339 503.183062 153.210576 510.734786 4.983192 0.125000 9.375028 
413.341739 176.947896 419.642200 158.214867 4.739140 0.125000 12.362045 
436.888419 345.707658 474.611750 339.583266 4.502796 0.125000 45.198407 
352.915713 214.556416 361.928244 202.248658 4.034081 0.125000 2.571913 
54.443415 467.577262 40.702055 468.915954 4.370431 0.125000 14.614003 
122.366294 220.568764 120.878312 240.643776 3.047548 0.125000 9.520230 
420.584114 164.363227 415.975980 180.366121 3.440053 0.125000 6.366897 
126.040888 96.569152 122.620154 105.898229 5.242083 0.125000 5.387818 
123.135913 125.619023 127.449762 133.494850 4.594593 0.125000 2.643229 
249.391759 466.570488 226.822531 465.328361 4.087791 0.125000 23.902032 
35.543537 278.817573 21.723345 280.837276 3.015994 0.125000 7.781166 
22.195499 254.091620 19.784491 261.999843 4.001250 0.062500 1.519261 
119.479747 246.869641 120.889480 274.425418 3.489640 0.125000 14.164664 
208.812748 189.784991 196.142414 172.409197 3.219447 0.125000 17.067054 
76.510783 228.033211 77.818885 240.656721 2.357844 0.125000 0.841002 
395.754164 460.804507 373.131053 458.074831 2.225623 0.125000 9.528712 
371.285461 230.352770 392.989575 223.918206 8.124003 0.125000 30.841233 
427.750944 180.385747 423.360252 164.310744 3.617487 0.125000 14.614003 
231.027824 390.545679 278.309658 352.102112 5.574534 0.125000 81.913596 
352.061822 233.044162 353.384775 215.644752 3.265360 0.125000 14.791914 
303.773272 337.676625 311.840954 326.849631 4.264773 0.125000 5.746261 
106.142230 323.094331 104.416613 364.324425 4.583054 0.125000 60.447664 
48.182435 50.466886 46.673455 61.848278 4.792334 0.125000 8.594518 
186.095845 220.722234 191.251905 195.754461 3.885472 0.125000 8.164682 
241.943308 371.169101 231.916241 370.198808 3.852962 0.125000 0.317567 
106.707193 90.864298 103.955466 103.308635 2.766668 0.125000 0.873471 
190.617237 445.225507 160.580000 445.809179 6.370245 0.125000 34.583492 
54.202452 233.092509 45.307743 280.329889 3.469615 0.125000 25.796183 
258.247931 101.782009 125.600730 89.640143 2.543538 0.125000 150.454520 
368.137868 345.883106 434.383045 345.317859 4.498543 0.125000 116.337904 
43.294764 352.991731 52.702374 364.975486 3.381166 0.125000 2.561934 
112.533107 353.126931 112.565999 320.628230 5.029096 0.125000 34.799115 
378.402856 398.115002 379.574023 430.662817 3.927373 0.125000 54.237669 
55.379586 158.939262 48.128772 145.622946 4.488946 0.125000 0.089542 
485.784293 361.849315 487.311396 445.639828 4.569378 0.125000 157.256412 
424.302923 158.148467 429.445953 173.944922 3.593410 0.125000 3.840731 
73.145595 303.188542 50.951433 310.382133 2.763611 0.125000 0.513004 
79.377942 250.215107 106.876525 250.412454 1.438349 0.125000 4.456243 
106.956348 130.502362 108.119142 143.125540 2.604120 0.125000 1.702991 
408.279052 115.254581 301.803033 105.132001 3.259956 0.125000 110.571901 
510.940839 75.169667 408.915709 115.719402 2.739312 0.125000 132.599735 
434.348922 190.676551 426.866621 186.891564 4.340109 0.125000 0.030645 
71.894708 301.034654 100.638319 299.651860 1.368687 0.125000 8.471938 
49.464450 287.074308 58.078732 229.182117 5.180945 0.125000 63.836015 
125.949985 117.828236 123.782021 124.585786 4.716307 0.125000 3.572336 
65.418893 274.442834 67.289762 245.651952 3.386351 0.125000 24.159492 
109.282940 241.862745 110.961543 229.253397 2.808037 0.125000 0.978319 
302.238635 341.295594 296.161869 350.591726 5.593782 0.125000 1.241002 
313.118972 450.435561 299.343144 450.873939 2.896313 0.125000 13.890478 
60.425287 353.144538 60.983613 323.131671 2.964560 0.125000 34.189121 
365.692124 450.088153 346.523671 451.892353 8.169816 0.125000 38.122682 
380.800424 220.371056 365.611118 223.046177 1.818161 0.125000 0.046504 
103.091768 156.572325 86.996057 177.246052 5.044256 0.125000 11.127625 
106.913917 245.832263 79.358994 244.803851 3.430668 0.125000 35.139820 
474.464108 501.227353 440.894014 506.193482 4.719309 0.125000 26.859880 
171.143655 247.210022 166.490057 237.051339 2.888716 0.125000 0.841002 
344.684951 368.341832 359.802352 365.147433 4.891979 0.125000 2.611359 
211.878086 363.432939 153.121460 364.021716 1.826093 0.125000 66.169407 
188.097233 219.997123 255.630075 223.011289 3.244653 0.125000 85.317763 
440.629567 505.695849 351.925888 511.414355 4.105050 0.125000 89.380077 
111.901227 305.147867 134.396040 305.489451 3.920379 0.125000 20.488686 
266.552917 153.145956 267.449055 166.918980 5.912175 0.125000 3.926185 
20.706785 287.173359 33.289273 283.724278 6.786416 0.125000 8.834129 
510.455085 491.354412 501.810071 494.176071 5.528928 0.125000 3.134541 
411.886186 399.058311 380.586931 397.952732 4.674310 0.125000 47.641903 
291.878926 350.606710 279.416560 347.931401 3.666469 0.125000 6.003484 
438.082585 461.316885 474.349546 463.540201 3.336669 0.125000 29.629642 
433.346441 205.700999 436.398176 247.002593 4.845127 0.125000 37.691770 
166.798873 233.346619 149.959546 227.562257 4.024819 0.125000 3.023159 
51.277800 314.367198 51.800799 358.125887 3.749732 0.125000 23.483348 
94.130889 307.060662 104.175873 304.756795 3.934534 0.125000 1.809336 
326.883745 273.362969 360.634103 272.122721 4.298314 0.125000 41.868759 
106.126489 70.701211 104.213325 83.290392 3.410647 0.125000 2.128537 
205.622784 180.626544 212.765400 190.875607 2.144087 0.125000 2.150308 
284.647214 341.523971 295.288039 346.365570 5.273520 0.125000 7.356764 
447.903107 359.174262 440.737044 367.095536 2.260046 0.125000 2.150308 
38.121287 474.340700 17.817959 476.538323 6.348220 0.125000 33.713055 
249.303653 399.636847 257.389295 388.824812 4.256578 0.125000 1.811933 
320.604123 311.266471 291.845088 312.253129 3.270000 0.125000 16.007469 
439.374845 366.804572 374.366916 366.947468 6.368134 0.125000 204.287689 
56.838492 130.266522 64.428140 130.577318 6.398200 0.125000 0.991425 
196.383361 447.668818 205.505267 453.318326 3.846249 0.125000 0.518687 
470.656391 466.205239 455.700167 467.014382 5.195280 0.125000 7.987129 
99.831426 348.149808 99.959133 339.365320 3.197153 0.031250 4.913319 
126.294756 133.076823 126.483638 140.603452 3.905615 0.125000 0.841002 
81.771055 307.778840 89.683642 305.402845 2.753874 0.125000 0.344128 
348.383290 324.862067 362.617737 329.681112 5.173838 0.125000 5.995263 
210.868815 194.028026 198.274440 197.428484 1.462744 0.031250 0.584491 
47.988757 95.810285 49.910894 84.256201 4.727084 0.125000 1.527403 
400.936460 302.646536 391.676983 306.384480 3.498724 0.125000 0.841002 
436.274933 168.430178 430.562585 180.595693 3.532226 0.125000 1.321758 
456.846262 468.214117 436.864001 468.452311 7.573964 0.125000 24.786336 
150.604226 497.711000 193.112458 498.134336 4.073463 0.125000 46.199031 
477.760490 444.404273 480.321114 366.947601 3.861566 0.125000 69.084985 
0.621428 454.264417 155.661542 449.256254 3.181333 0.125000 209.356608 
475.563151 338.721863 485.545143 360.661333 5.483966 0.125000 22.658591 
195.096541 229.963596 185.831418 221.645093 3.720483 0.125000 2.938759 
254.391501 216.596796 189.397726 212.741842 2.886419 0.125000 33.547546 
297.267852 320.373569 307.500839 314.531683 5.104167 0.125000 3.840731 
121.991024 184.432370 122.624280 169.353971 5.100498 0.125000 4.387064 
338.104443 460.009193 249.411554 462.969990 3.291003 0.125000 87.688311 
42.035188 275.503212 44.288896 255.336000 8.703025 0.125000 32.230891 
276.877683 262.489558 299.371797 262.391340 3.842749 0.125000 16.364100 
49.382179 364.694987 21.874169 364.482632 2.692913 0.125000 24.927625 
128.077823 141.283383 265.499219 151.130358 6.222142 0.125000 317.237017 
199.710979 377.283200 182.663612 391.314432 3.689758 0.062500 5.629612 
436.184457 134.252259 440.485615 153.857098 4.584881 0.125000 9.128172 
195.311504 196.775695 192.807196 173.158699 1.770267 0.125000 6.037868 
345.599784 441.055224 320.539345 439.586374 5.357133 0.125000 26.817832 
148.069491 510.847099 149.103731 499.463924 4.753279 0.125000 16.002807 
14.465752 477.150971 0.541980 477.979044 3.669177 0.125000 15.111902 
381.935840 278.066034 386.856436 283.142993 2.095438 0.062500 0.344128 
264.364477 452.499459 248.098053 452.773088 2.562719 0.125000 7.112577 
500.589866 493.064083 491.319017 498.410998 3.705770 0.062500 1.136725 
100.047909 338.146176 100.560026 321.872955 2.616717 0.125000 5.123469 
430.435613 174.302624 434.664937 163.235803 3.227734 0.125000 1.809336 
99.831247 191.265947 87.226885 181.823912 4.998572 0.125000 3.263231 
245.576244 262.388800 259.431044 261.471236 3.907009 0.125000 7.756063 
436.108409 465.647923 437.294054 440.644872 4.461511 0.125000 16.498181 
63.124783 330.595959 89.382659 330.399698 2.658756 0.125000 29.243007 
184.590972 194.282064 185.784892 213.114864 3.821573 0.125000 0.086253 
296.831904 272.215903 314.351788 271.385360 5.349535 0.125000 12.140885 
229.574060 468.113377 210.547298 466.605405 5.934184 0.125000 27.032578 
45.933615 222.487023 35.950716 227.520936 3.367376 0.125000 2.566898 
93.659077 323.037638 90.315871 350.434743 6.809626 0.125000 39.353908 
216.874267 170.425719 236.878593 170.352160 2.541351 0.125000 3.134541 
188.131231 384.921217 20.624510 386.832060 3.055919 0.125000 141.031097 
230.704366 364.873330 213.136256 363.018391 3.598018 0.125000 3.616234 
413.607603 110.594060 511.159472 71.975080 3.050542 0.125000 130.339012 
248.126440 445.680504 263.148762 445.290664 2.855860 0.125000 12.441385 
308.149122 469.783913 340.609902 467.869054 3.305365 0.125000 15.735993 
231.881980 343.550041 245.948521 364.983050 4.115154 0.125000 18.597712 
195.538920 260.141819 204.457177 261.142946 2.902728 0.125000 0.926293 
109.394420 220.055131 120.631370 220.438064 2.668841 0.125000 0.046504 
264.324364 387.166318 245.491533 383.892863 4.926139 0.125000 13.657979 
35.762155 304.417866 32.225315 315.734486 2.759058 0.125000 1.702991 
318.106077 263.502951 339.400299 263.040877 5.351357 0.125000 40.054719 
145.160546 323.039407 140.135943 350.304514 8.735062 0.125000 41.999104 
371.885880 461.659030 338.095691 459.956794 3.305013 0.125000 15.463377 
37.963064 227.296051 22.882465 252.982607 4.499588 0.125000 35.354156 
301.027966 355.025236 313.392256 341.008135 9.758960 0.125000 26.920045 
61.568978 195.597414 114.407354 198.849300 9.846629 0.125000 111.715791 
193.866868 500.531126 195.171392 510.840569 4.034174 0.125000 9.774667 
265.601006 326.660618 224.446813 331.266638 2.345454 0.125000 12.628241 
474.491770 481.002347 491.521451 475.732496 9.296387 0.125000 34.490502 
376.639285 195.420713 357.627012 213.861582 3.642990 0.125000 12.362045 
108.162303 209.422827 117.239778 202.342684 5.263240 0.125000 0.923741 
369.378567 382.165986 293.124702 383.100711 2.499812 0.125000 79.326284 
476.231649 486.757871 475.524043 498.196084 3.665663 0.125000 12.084298 
134.086638 245.537903 135.791374 264.359931 4.298476 0.125000 12.762273 
175.500533 269.362865 177.214219 251.786201 4.491215 0.125000 18.769262 
209.524579 467.051807 199.374050 468.115934 3.208245 0.062500 2.693392 
259.377816 270.658599 279.377709 270.704905 3.773143 0.125000 11.765120 
299.391529 443.737085 311.916152 443.398855 2.566577 0.125000 3.956488 
164.352897 506.329107 185.618646 505.468067 2.902517 0.125000 4.876068 
411.919445 270.992916 435.609302 272.186549 3.682346 0.125000 5.434161 
40.257869 244.030457 53.634798 229.776523 10.545182 0.125000 38.727983 
421.525205 195.616650 436.923026 193.469388 6.160594 0.125000 12.628241 
175.005314 184.313468 176.721155 201.890018 4.247650 0.125000 9.805111 
349.331502 442.020074 365.654623 441.377484 3.038941 0.125000 18.405928 
228.450263 335.606747 244.566696 331.350939 5.404576 0.125000 2.854276 
478.911780 367.170204 472.213362 356.659366 3.069496 0.125000 2.566898 
21.920122 275.624187 41.984196 276.347973 4.816498 0.125000 10.919516 
233.103154 474.061471 278.145767 470.923051 2.958963 0.125000 26.952184 
115.624615 331.221835 140.624604 331.237967 2.504032 0.125000 21.115198 
0.533648 263.089811 16.879213 264.318974 4.610988 0.125000 18.769262 
188.842989 510.994740 190.105041 504.277312 6.604148 0.125000 3.596294 
444.103613 379.317147 447.835011 361.813182 3.847674 0.125000 11.426530 
245.585446 331.537656 283.155196 327.132532 2.842739 0.125000 38.886996 
114.373271 322.646082 143.127409 322.542273 2.518035 0.125000 27.436827 
308.110418 314.463106 329.599326 318.019579 4.303367 0.125000 13.133475 
46.856169 118.123907 47.579349 105.665887 1.610098 0.062500 0.428085 
258.214074 226.394817 189.324896 222.848223 3.230895 0.125000 48.325060 
176.803788 467.621609 213.036027 462.496052 3.876048 0.125000 19.853832 
35.564685 335.636401 39.529179 356.609572 1.996282 0.125000 1.132310 
131.826530 235.062205 137.047527 246.208690 7.852291 0.125000 3.223426 
213.099307 460.071869 180.611340 461.580915 3.687962 0.125000 13.064453 
353.765253 198.126183 369.867758 190.263985 14.575996 0.125000 56.551079 
409.029185 273.530484 416.563420 279.956023 6.768958 0.125000 1.241002 
449.386483 438.054884 451.577229 399.358142 3.909070 0.125000 63.571709 
139.982937 189.322124 141.296564 204.425311 3.248782 0.125000 7.696135 
169.460040 386.985923 155.971495 397.326958 2.744560 0.125000 9.528712 
121.883678 217.491000 110.618679 217.336811 1.403853 0.062500 0.344128 
45.328681 330.633723 46.066164 355.685609 5.439217 0.125000 30.976070 
61.871629 364.312625 89.426256 362.823313 2.698746 0.125000 17.921505 
510.588681 190.462620 436.890984 206.946462 2.054267 0.125000 51.032861 
39.391501 483.499415 28.163309 483.994255 1.689072 0.125000 0.344128 
439.270861 203.904790 510.620080 188.102785 2.293382 0.125000 45.720130 
480.707571 450.508107 481.715517 461.998639 4.391036 0.125000 8.594518 
510.619499 363.314452 488.102188 362.660628 1.358314 0.125000 2.150308 
339.386175 472.284516 321.865112 472.762657 1.692825 0.125000 7.999364 
109.213888 137.880527 116.922718 130.601694 3.970037 0.062500 0.321675 
354.314226 232.390619 371.797932 230.943738 5.704614 0.125000 36.917350 
97.683740 177.811623 114.695385 173.010117 9.624001 0.125000 6.947627 
152.257732 264.449123 155.750343 246.415105 5.660650 0.125000 7.720797 
227.798190 366.234016 210.367991 375.120920 3.296921 0.125000 6.187339 
71.875031 313.136544 91.878247 313.082759 3.783596 0.125000 31.049187 
55.455898 313.864938 69.437129 312.521659 6.221352 0.125000 9.587153 
197.958519 424.185213 213.958434 410.150117 3.049882 0.125000 14.529022 
215.722789 269.127161 248.166113 271.245270 4.149207 0.125000 20.640642 
438.085076 435.967968 401.745469 431.737729 2.594713 0.125000 35.139820 
20.618951 383.960224 190.637478 381.480549 2.536192 0.125000 191.813844 
279.341648 475.020830 260.579819 476.056544 3.116292 0.125000 17.432827 
294.367218 380.233128 369.362467 378.743858 2.549143 0.125000 86.634281 
396.914766 203.036199 408.616889 208.276578 3.422499 0.125000 1.321758 
107.359436 104.197463 114.163880 94.590152 7.267746 0.125000 5.752864 
244.617043 420.450023 230.401846 400.786321 2.758356 0.125000 9.158921 
119.903110 194.280866 120.906556 186.585715 5.874268 0.062500 2.342755 
154.402554 179.435533 175.895645 168.665088 9.507759 0.125000 51.929366 
191.396893 419.718647 205.133400 438.829888 4.345502 0.125000 5.269806 
395.690242 467.255856 380.701817 469.823425 3.308327 0.125000 4.568604 
488.086345 360.107413 510.655423 361.298560 1.969481 0.125000 11.181208 
154.471094 399.222392 180.926774 415.880895 4.897128 0.125000 27.058171 
138.145148 176.720534 125.533627 175.075504 2.371251 0.125000 0.926293 
61.869642 321.887608 91.874406 322.014928 2.621972 0.125000 33.363267 
215.659930 476.148049 190.597669 474.943794 3.097058 0.125000 11.962020 
203.163368 400.673348 219.987625 387.321843 3.714459 0.125000 10.046600 
215.627960 408.118752 203.001240 402.136207 2.318434 0.062500 0.983775 
335.623419 458.036416 366.885770 457.478589 1.606612 0.125000 10.281684 
333.365100 363.846293 327.242460 361.065841 4.035693 0.062500 3.956488 
134.356221 487.515399 76.868999 485.829641 2.535565 0.125000 55.925164 
295.612234 443.226762 270.690812 440.100390 3.254060 0.125000 12.968090 
394.443598 275.871041 409.543918 276.902805 7.087566 0.125000 29.051486 
326.857742 455.334968 298.135059 457.044058 2.792576 0.125000 1.137502 
360.592411 375.697970 345.759655 369.073495 2.282689 0.125000 3.432381 
422.633046 331.970068 425.970898 305.354851 8.063890 0.125000 40.342202 
209.412385 206.454898 191.829157 204.890146 1.714552 0.125000 3.572336 
391.977328 197.349615 376.585542 195.318355 5.353215 0.125000 4.309125 
449.427356 398.547096 416.820610 396.485055 3.505848 0.125000 31.715055 
49.329053 138.748113 3.145817 135.342685 1.533716 0.125000 16.213761 
56.253276 511.396395 38.926503 497.431465 4.517619 0.125000 14.936509 
127.586845 274.496359 126.815367 263.129047 3.487472 0.125000 3.417073 
145.769145 271.990131 151.737946 264.517138 4.097113 0.125000 0.317567 
269.045208 167.028888 269.515957 175.685311 6.376532 0.125000 11.146030 
441.819901 475.873147 428.111365 476.627071 2.702154 0.125000 0.030645 
58.303723 255.592818 58.727114 274.389593 3.974239 0.125000 3.263231 
291.023515 335.303049 303.325416 340.112348 6.932444 0.125000 5.682595 
114.375262 356.908104 143.133363 356.680165 2.688160 0.125000 24.720248 
390.731059 119.618372 373.277312 127.224510 3.290585 0.125000 10.353044 
447.906214 391.930395 444.856655 379.886032 3.343956 0.062500 0.107958 
68.107088 488.923931 195.599051 491.782364 3.065462 0.125000 93.416259 
242.120803 396.470835 250.257861 406.131367 9.108168 0.125000 3.445559 
105.629570 314.158842 149.360023 315.083386 4.092641 0.125000 39.180117 
484.383469 452.093676 501.905598 451.415033 1.824750 0.125000 0.344128 
65.629367 173.198774 79.405091 172.383351 4.991264 0.125000 7.767621 
372.271624 186.353185 394.383960 181.919686 10.787797 0.125000 38.582926 
409.407785 118.597877 391.819003 119.817314 3.358568 0.062500 2.466965 
180.659606 416.767346 190.451415 419.914994 5.950129 0.125000 10.353044 
176.905147 152.601828 250.626450 156.849843 2.182747 0.125000 32.691977 
405.246248 206.231585 416.825742 221.911377 4.935096 0.125000 7.526465 
189.658478 474.850719 176.618188 470.076447 2.892802 0.125000 1.132310 
209.373465 488.228470 163.133646 487.542349 2.666638 0.125000 23.694030 
74.119523 121.459228 82.001888 116.615792 4.045639 0.125000 0.873471 
216.932064 385.694145 204.587175 395.882096 1.759723 0.125000 0.926293 
126.862613 217.356234 139.386491 217.678610 1.539076 0.125000 0.046504 
465.690130 273.121738 466.508343 289.455981 3.870377 0.125000 3.152809 
485.728301 248.869398 510.596336 245.418443 1.581769 0.125000 4.299481 
61.882073 357.212849 93.144541 356.558313 5.155896 0.125000 19.071272 
426.849581 124.393416 435.370015 136.154128 3.036785 0.125000 0.745237 
260.289000 173.122862 259.986776 220.628892 2.571518 0.125000 32.545759 
501.823184 510.872060 474.226270 505.084149 2.190186 0.125000 11.120694 
138.120555 367.382745 155.630156 367.536029 3.782684 0.125000 1.562653 
80.609171 368.006558 105.634741 367.717078 2.774539 0.125000 24.727557 
294.177743 34.888973 332.552469 49.616785 7.367854 0.125000 113.750659 
46.818899 367.247647 61.917025 366.282222 5.548174 0.125000 10.063539 
278.423476 403.778452 249.912358 416.801433 2.498429 0.125000 5.548182 
23.112574 484.113776 0.604045 485.184480 1.367376 0.125000 4.859578 
145.939928 355.545777 147.631246 335.583167 2.892395 0.125000 1.056409 
370.541689 436.729975 399.410318 438.906569 3.056798 0.125000 23.024460 
461.204490 500.657868 460.345700 483.138691 2.055606 0.125000 4.859578 
113.150496 365.488399 123.264760 367.376216 8.519428 0.125000 12.103260 
124.373412 367.584358 136.876976 367.547633 2.529360 0.125000 4.859578 
179.357064 268.442421 214.386483 270.421786 2.284459 0.125000 17.317950 
335.606767 158.443743 304.387416 156.657949 1.462116 0.125000 11.181208 
23.123707 248.223561 0.611182 247.928182 1.250000 0.125000 0.046504 
88.107534 215.267957 108.120791 214.288959 2.863457 0.125000 4.945319 
249.510103 407.418309 259.388049 409.306743 3.058294 0.125000 0.926293 
383.114816 482.573531 400.631926 482.250052 2.638049 0.125000 11.181208 
416.869506 436.920369 434.414961 439.044996 2.181333 0.125000 5.168013 
467.667881 290.453242 470.681061 304.362856 3.074172 0.125000 3.596294 
494.271711 472.769347 510.596880 468.028174 3.213032 0.125000 3.134541 
5.598852 63.385724 45.696988 67.407205 1.999426 0.125000 24.906522 
0.634546 132.990379 44.342050 136.089679 1.521168 0.125000 22.018288 
0.632276 245.410926 23.148750 246.176247 1.504052 0.125000 3.956488 
36.869801 504.189532 0.613250 505.205822 1.704826 0.125000 24.727557 
63.118828 367.628281 79.388220 367.761594 2.612581 0.125000 10.278118 
98.124658 496.889143 119.362275 497.401970 2.891548 0.125000 13.670341 
314.368247 366.098290 329.383025 366.312515 1.446032 0.125000 2.689316 
217.183343 383.729911 235.606626 374.338954 2.881716 0.125000 3.589462 
21.836966 367.975829 45.637337 367.328859 2.567010 0.125000 19.569581 
84.385321 205.588811 69.194879 201.256570 2.920560 0.125000 6.003484 
125.628210 75.592148 221.814892 84.990190 1.965989 0.125000 38.063677 
481.843111 251.637885 460.640388 254.489419 1.405458 0.125000 0.926293 
300.219801 108.112914 300.774327 146.872864 1.375043 0.125000 14.793568 
196.853094 232.370715 256.846412 235.021903 2.186933 0.125000 42.575070 
323.265867 482.175435 310.642927 483.322313 2.090955 0.125000 0.046504 
315.626482 463.268690 334.374488 463.075321 1.275717 0.125000 0.344128 
306.983895 61.866092 308.938690 85.762942 5.594823 0.125000 47.909113 
390.751547 78.798536 345.202531 68.799487 8.933695 0.125000 66.387748 
279.316588 61.133473 299.486826 59.544609 5.475368 0.125000 19.068221 
155.643348 367.607646 220.633892 365.980079 2.405334 0.125000 53.602029 
510.574960 247.747110 490.594269 250.392924 1.731455 0.125000 4.456243 
217.608433 496.885875 217.404595 510.632853 1.453724 0.125000 1.702991 
268.109634 485.952446 249.364834 486.264648 2.624552 0.125000 5.979396 
274.364931 175.628494 277.730639 185.328098 6.266004 0.125000 5.401785 
345.262313 67.653647 332.810525 61.235068 6.162476 0.125000 5.752864 
460.641465 252.009916 481.880238 249.417919 1.514275 0.125000 3.956488 
129.388123 149.171097 160.669449 151.184369 1.451144 0.125000 7.781166 
205.593306 66.503650 225.660502 64.790964 3.949012 0.125000 4.387064 
23.117766 83.234274 45.601974 84.722803 1.329843 0.125000 2.150308 
61.868792 388.795271 141.873003 387.938502 1.624723 0.125000 27.749360 
343.125636 484.433540 370.622393 484.134955 1.317790 0.125000 4.859578 
225.663332 85.243407 256.849772 88.376147 1.250000 0.125000 10.278118 
221.874156 490.838333 243.123824 490.922375 1.299427 0.125000 1.247218 
251.771914 63.642603 270.675237 60.981919 3.539174 0.125000 9.791807 
388.108718 94.446231 387.614119 85.653738 3.954694 0.125000 2.566837
